# Pressure Temperature gibbs S V rho alpha beta_T molar_C_p C_p_per_kilogram
1.000000000000000000e+11 2.000000000000000000e+03 -1.776470739508815110e+06 2.656546650004457888e+02 1.951713201608057228e-05 5.143619457883855830e+03 1.073506121540966193e-05 1.728158182220344998e-12 1.291411331151468289e+02 1.286411051394697097e+03
1.050000000000000000e+11 2.000000000000000000e+03 -1.679301568274929188e+06 2.646260463815203252e+02 1.935154230522465407e-05 5.187633027724948079e+03 1.043942617181649626e-05 1.680566081040407798e-12 1.290345016150909316e+02 1.285348865112218164e+03
1.100000000000000000e+11 2.000000000000000000e+03 -1.582945605905659264e+06 2.636336288978183120e+02 1.919178034763318398e-05 5.230817474022433998e+03 1.016207499101239642e-05 1.635917363828897615e-12 1.289346545046499557e+02 1.284354260037732956e+03
1.150000000000000000e+11 2.000000000000000000e+03 -1.487374701316362014e+06 2.626749997255622588e+02 1.903745772063489714e-05 5.273219852837159124e+03 9.901319893846476048e-06 1.593940327491545510e-12 1.288409440963603743e+02 1.283420784374739242e+03
1.200000000000000000e+11 2.000000000000000000e+03 -1.392562550103492569e+06 2.617479779749518229e+02 1.888822333889573693e-05 5.314883152258884365e+03 9.655676947926057797e-06 1.554396084717436600e-12 1.287528031645971112e+02 1.282542787829677081e+03
1.250000000000000000e+11 2.000000000000000000e+03 -1.298484519731343491e+06 2.608505859766587491e+02 1.874375883204382862e-05 5.355846759422563991e+03 9.423836007266515687e-06 1.517073724785355160e-12 1.286697327995394176e+02 1.281715300621877077e+03
1.300000000000000000e+11 2.000000000000000000e+03 -1.205117496043063933e+06 2.599810248706029370e+02 1.860377461488689019e-05 5.396146861490578885e+03 9.204635839010968251e-06 1.481786309398181131e-12 1.285912923987201850e+02 1.280933933786573562e+03
1.350000000000000000e+11 2.000000000000000000e+03 -1.112439747946113348e+06 2.591376537468196375e+02 1.846800652945460968e-05 5.435816791589830245e+03 8.997043419538577915e-06 1.448367539716350489e-12 1.285170913696233868e+02 1.280194796522152274e+03
1.400000000000000000e+11 2.000000000000000000e+03 -1.020430807664093678e+06 2.583189717364156763e+02 1.833621296195401214e-05 5.474887328604739196e+03 8.800136604657712654e-06 1.416668966560302741e-12 1.284467822113807074e+02 1.279494427274989221e+03
1.450000000000000000e+11 2.000000000000000000e+03 -9.290713643829192733e+05 2.575236025662792940e+02 1.820817235634629300e-05 5.513386958082612182e+03 8.613089547671365142e-06 1.386557642972582050e-12 1.283800547152433467e+02 1.278829735968723071e+03
1.500000000000000000e+11 2.000000000000000000e+03 -8.383431694727864815e+05 2.567502811821750583e+02 1.808368106089775802e-05 5.551342100202702568e+03 8.435160368741452362e-06 1.357914139199907638e-12 1.283166310781993218e+02 1.278197955329626893e+03
1.000000000000000000e+11 2.500000000000000000e+03 -1.916799275438631419e+06 2.946305424214482400e+02 1.962325663049445826e-05 5.115802228463770007e+03 1.095480760262591835e-05 1.759380239100696325e-12 1.304307114476000038e+02 1.299256902894449240e+03
1.050000000000000000e+11 2.500000000000000000e+03 -1.819109195047088666e+06 2.935755894463749200e+02 1.945382750997940867e-05 5.160357258668130271e+03 1.064611739204200098e-05 1.709803516605360643e-12 1.302994943298273824e+02 1.297949812377562239e+03
1.100000000000000000e+11 2.500000000000000000e+03 -1.722250851999698905e+06 2.925585594095890087e+02 1.929048894537840713e-05 5.204051607206722110e+03 1.035692539046252137e-05 1.663358274357294908e-12 1.301770584956815924e+02 1.296730194690055669e+03
1.150000000000000000e+11 2.500000000000000000e+03 -1.626194847489085747e+06 2.915768723986473674e+02 1.913282659377138213e-05 5.246935130467400086e+03 1.008539473662799488e-05 1.619749506043367776e-12 1.300625392042149713e+02 1.295589435904787933e+03
1.200000000000000000e+11 2.500000000000000000e+03 -1.530913750533757498e+06 2.906282014663913174e+02 1.898046673934359674e-05 5.289053287183376597e+03 9.829914826666020204e-06 1.578718543074508610e-12 1.299551818778027723e+02 1.294520019462377604e+03
1.250000000000000000e+11 2.500000000000000000e+03 -1.436381908020338742e+06 2.897104407056523314e+02 1.883307116607226288e-05 5.330447653213886042e+03 9.589067307645824832e-06 1.540037593032173829e-12 1.298543250962147226e+02 1.293515356770380777e+03
1.300000000000000000e+11 2.500000000000000000e+03 -1.342575278360889060e+06 2.888216781975631307e+02 1.869033281313114180e-05 5.371156362152662041e+03 9.361598048459352729e-06 1.503505238094272320e-12 1.297593866461569121e+02 1.292569648238864602e+03
1.350000000000000000e+11 2.500000000000000000e+03 -1.249471285212267423e+06 2.879601729681275515e+02 1.855197207403540399e-05 5.411214484335064299e+03 9.146393894095880195e-06 1.468942701690738333e-12 1.296698520045749490e+02 1.291677768559359265e+03
1.400000000000000000e+11 2.500000000000000000e+03 -1.157048688326703385e+06 2.871243352616687616e+02 1.841773362848878235e-05 5.450654354383619648e+03 8.942463274850952920e-06 1.436190734274980901e-12 1.295852647744651733e+02 1.290835171433290498e+03
1.450000000000000000e+11 2.500000000000000000e+03 -1.065287469101324212e+06 2.863127095749177329e+02 1.828738371759906631e-05 5.489505855525403604e+03 8.748919942785395970e-06 1.405107001342581729e-12 1.295052186976874680e+02 1.290037810009368286e+03
1.500000000000000000e+11 2.500000000000000000e+03 -9.741687287969621830e+05 2.855239600012833989e+02 1.816070779011689322e-05 5.527796667409174916e+03 8.564969260900693365e-06 1.375563881425124865e-12 1.294293509495827834e+02 1.289282070089390345e+03
1.000000000000000000e+11 3.000000000000000000e+03 -2.070249544572127517e+06 3.184605873337237654e+02 1.973210714099948913e-05 5.087581335467804820e+03 1.117223148438808912e-05 1.792001733287382631e-12 1.308856396195924106e+02 1.303788570024240016e+03
1.050000000000000000e+11 3.000000000000000000e+03 -1.972025397379091941e+06 3.173791890105260904e+02 1.955865319205005463e-05 5.132700038917029815e+03 1.084993427851582286e-05 1.740305959496457087e-12 1.307251946186138696e+02 1.302190332364238884e+03
1.100000000000000000e+11 3.000000000000000000e+03 -1.874652395621839911e+06 3.163375163819210343e+02 1.939157115847541223e-05 5.176924509086176840e+03 1.054843884339615314e-05 1.691946744681792922e-12 1.305758714510273535e+02 1.300702882406360004e+03
1.150000000000000000e+11 3.000000000000000000e+03 -1.778099806163512869e+06 3.153328096554791955e+02 1.923041837554702318e-05 5.220307641754277029e+03 1.026574433257544804e-05 1.646603157405657826e-12 1.304365465628803520e+02 1.299315028114522420e+03
1.200000000000000000e+11 3.000000000000000000e+03 -1.682338995872517349e+06 3.143625851853561812e+02 1.907479647185053999e-05 5.262897570002789507e+03 1.000010135676884125e-05 1.603994599415586138e-12 1.303062427876004676e+02 1.298017035658400573e+03
1.250000000000000000e+11 3.000000000000000000e+03 -1.587343224816432688e+06 3.134245999300538301e+02 1.892434566838762798e-05 5.304738232915252411e+03 9.749973447971112009e-06 1.563874624571220270e-12 1.301841062717929560e+02 1.296800399564821191e+03
1.300000000000000000e+11 3.000000000000000000e+03 -1.493087465667939745e+06 3.125168214402684157e+02 1.877873996469184805e-05 5.345869860744266589e+03 9.514005425862288406e-06 1.526025864884285861e-12 1.300693876296023745e+02 1.295657654991073514e+03
1.350000000000000000e+11 3.000000000000000000e+03 -1.399548245304419193e+06 3.116374023765953325e+02 1.863768305152366532e-05 5.386329390969712222e+03 9.290997262383911842e-06 1.490255838453225261e-12 1.299614264487860851e+02 1.294582223385561292e+03
1.400000000000000000e+11 3.000000000000000000e+03 -1.306703505299179349e+06 3.107846587615917429e+02 1.850090482254840819e-05 5.426150826831395534e+03 9.079882358165132294e-06 1.456393465048995020e-12 1.298596384733907030e+02 1.293568284810847217e+03
1.450000000000000000e+11 3.000000000000000000e+03 -1.214532478574309731e+06 3.099570513289194764e+02 1.836815838277918621e-05 5.465365547703358061e+03 8.879709383479516920e-06 1.424286153443862862e-12 1.297635049389255357e+02 1.292610671708325071e+03
1.500000000000000000e+11 3.000000000000000000e+03 -1.123015579944701632e+06 3.091531694555682179e+02 1.823921747134025161e-05 5.504002578934284429e+03 8.689627017764441996e-06 1.393797353663373980e-12 1.296725636499765244e+02 1.291704780019828149e+03
1.000000000000000000e+11 3.500000000000000000e+03 -2.234654120915210340e+06 3.386383116558405391e+02 1.984373476390991186e-05 5.058961994522240275e+03 1.139358950887459806e-05 1.826095450319939832e-12 1.308392245175244284e+02 1.303326216172979912e+03
1.050000000000000000e+11 3.500000000000000000e+03 -2.135882519970607478e+06 3.375297432624811904e+02 1.966606014276393912e-05 5.104667598453251230e+03 1.105691483020978950e-05 1.772135273988428448e-12 1.306456845083902749e+02 1.301398309853502269e+03
1.100000000000000000e+11 3.500000000000000000e+03 -2.037982400266711833e+06 3.364628122849499050e+02 1.949505891419082949e-05 5.149443273901835710e+03 1.074245485769344141e-05 1.721735536076810049e-12 1.304659549376223424e+02 1.299607973184455432e+03
1.150000000000000000e+11 3.500000000000000000e+03 -1.940921600604984676e+06 3.354345634681166075e+02 1.933025742781521592e-05 5.193345219269867812e+03 1.044802693467541247e-05 1.674546413610042170e-12 1.302986073622826666e+02 1.297940977045052477e+03
1.200000000000000000e+11 3.500000000000000000e+03 -1.844670204187315889e+06 3.344423434526556207e+02 1.917123041929096074e-05 5.236424465431511635e+03 1.017172839695815143e-05 1.630262959105862726e-12 1.301424035240474950e+02 1.296384986796795829e+03
1.250000000000000000e+11 3.500000000000000000e+03 -1.749200313035314437e+06 3.334837611314334822e+02 1.901759465646332695e-05 5.278727505419927184e+03 9.911892803867535553e-06 1.588618085556190241e-12 1.299962647505817870e+02 1.294929257481985360e+03
1.300000000000000000e+11 3.500000000000000000e+03 -1.654485851571889827e+06 3.325566542951856377e+02 1.886900359354025869e-05 5.320296829789556796e+03 9.667054161064460270e-06 1.549376832276268603e-12 1.298592470756210844e+02 1.293564385987875994e+03
1.350000000000000000e+11 3.500000000000000000e+03 -1.560502394807816949e+06 3.316590614082838897e+02 1.872514284748353106e-05 5.361171384254151235e+03 9.435917478763442470e-06 1.512331646154443615e-12 1.297305208692497729e+02 1.292282108138164631e+03
1.400000000000000000e+11 3.500000000000000000e+03 -1.467227017403992359e+06 3.307891975970509861e+02 1.858572634956134098e-05 5.401386962870534262e+03 9.217334390755983954e-06 1.477298474017041552e-12 1.296093540530523285e+02 1.291075131494404559e+03
1.450000000000000000e+11 3.500000000000000000e+03 -1.374638160537582822e+06 3.299454341188487092e+02 1.845049305477823375e-05 5.440976547453388775e+03 9.010282845036307508e-06 1.444113507564993211e-12 1.294950981854971133e+02 1.289936996748609317e+03
1.500000000000000000e+11 3.500000000000000000e+03 -1.282715514026727527e+06 3.291262807241881205e+02 1.831920411498110744e-05 5.479970601883515883e+03 8.813850092197605398e-06 1.412630456857121762e-12 1.293871768611441553e+02 1.288861962164508213e+03
1.000000000000000000e+11 4.000000000000000000e+03 -2.408434834573765285e+06 3.560879473159633335e+02 1.995823552188907138e-05 5.029938638107527368e+03 1.162189394776014751e-05 1.861752616505055966e-12 1.304636237579499038e+02 1.299584751649836107e+03
1.050000000000000000e+11 4.000000000000000000e+03 -2.309101945759511087e+06 3.549511726901780548e+02 1.977613154267145119e-05 5.076255676363640305e+03 1.126992701887421068e-05 1.805369779617878024e-12 1.302332490008282946e+02 1.297289924073409566e+03
1.100000000000000000e+11 4.000000000000000000e+03 -2.210661861172995530e+06 3.538580753936292354e+02 1.960102439050745383e-05 5.121604769218953152e+03 1.094171420511289293e-05 1.752792199101547058e-12 1.300197517718295046e+02 1.295163218288806547e+03
1.150000000000000000e+11 4.000000000000000000e+03 -2.113080889422715642e+06 3.528054867088789592e+02 1.943240645725611364e-05 5.166045709306094977e+03 1.063487033331694648e-05 1.703637785565985220e-12 1.298213459069344822e+02 1.293186841815209164e+03
1.200000000000000000e+11 4.000000000000000000e+03 -2.016327741515323753e+06 3.517905685474013922e+02 1.926982309940044729e-05 5.209632671880804082e+03 1.034732268195282612e-05 1.657574502360737266e-12 1.296364882267517942e+02 1.291345422609833577e+03
1.250000000000000000e+11 4.000000000000000000e+03 -1.920373284310938325e+06 3.508107691344462182e+02 1.911286553904764310e-05 5.252414913656226418e+03 1.007726113860435749e-05 1.614312381125900872e-12 1.294638386306939708e+02 1.289625611554826037e+03
1.300000000000000000e+11 4.000000000000000000e+03 -1.825190326500257012e+06 3.498637858651425745e+02 1.896116491371605870e-05 5.294437364836227971e+03 9.823097638385443325e-06 1.573597024086883661e-12 1.293022277984079267e+02 1.288015760722152208e+03
1.350000000000000000e+11 4.000000000000000000e+03 -1.730753431920955889e+06 3.489475339844353243e+02 1.881438725906252148e-05 5.335741133511787666e+03 9.583432922847931866e-06 1.535204279045367181e-12 1.291506308598193300e+02 1.286505661093522804e+03
1.400000000000000000e+11 4.000000000000000000e+03 -1.637038755990286823e+06 3.480601200296165985e+02 1.867222925454680398e-05 5.376363937667202663e+03 9.357029119179976513e-06 1.498935846743354486e-12 1.290081457863007586e+02 1.285086327308758428e+03
1.450000000000000000e+11 4.000000000000000000e+03 -1.544023901789288968e+06 3.471998191930137523e+02 1.853441459707993308e-05 5.416340477018145066e+03 9.142786981476042727e-06 1.464615635061091467e-12 1.288739755446678998e+02 1.283749819896740291e+03
1.500000000000000000e+11 4.000000000000000000e+03 -1.451687792938455008e+06 3.463650559311348047e+02 1.840069089473407609e-05 5.455702754548706253e+03 8.939726892457002937e-06 1.432086715614893525e-12 1.287474132716342865e+02 1.282489097593994984e+03
1.000000000000000000e+11 4.500000000000000000e+03 -2.590390349337516353e+06 3.714212892631229579e+02 2.007573130345054240e-05 5.000500279795314782e+03 1.185897709492146301e-05 1.899078562121669479e-12 1.298579930086164040e+02 1.293551893874673169e+03
1.050000000000000000e+11 4.500000000000000000e+03 -2.490481766951546073e+06 3.702550687419179098e+02 1.988897452225435317e-05 5.047454804050966231e+03 1.149067996697242210e-05 1.840100019994412468e-12 1.295868981732807583e+02 1.290851442177065337e+03
1.100000000000000000e+11 4.500000000000000000e+03 -2.391488367318280973e+06 3.691347105656267331e+02 1.970956206724560809e-05 5.093400840540807621e+03 1.114782012863081294e-05 1.785194966751169981e-12 1.293361716844160867e+02 1.288353885292030782e+03
1.150000000000000000e+11 4.500000000000000000e+03 -2.293374817111280281e+06 3.680568120835635568e+02 1.953694904311672475e-05 5.138402100473770588e+03 1.082778601967943997e-05 1.733945191109261387e-12 1.291036081319755056e+02 1.286037254511468973e+03
1.200000000000000000e+11 4.500000000000000000e+03 -2.196108358606841415e+06 3.670183334497731948e+02 1.937064865355806075e-05 5.182516176687779080e+03 1.052831559226419834e-05 1.685988452164445787e-12 1.288873086990656986e+02 1.283882635187682581e+03
1.250000000000000000e+11 4.500000000000000000e+03 -2.099658539676764980e+06 3.660165479673001414e+02 1.921022424946472514e-05 5.225795321092997256e+03 1.024743939126846178e-05 1.641009364368617894e-12 1.286856297506743090e+02 1.281873654611269103e+03
1.300000000000000000e+11 4.500000000000000000e+03 -2.003996980139020365e+06 3.650490006322700651e+02 1.905528269024875918e-05 5.268287100845391251e+03 9.983434447591392594e-06 1.598732014069495791e-12 1.284971414216344670e+02 1.279996069494220592e+03
1.350000000000000000e+11 4.500000000000000000e+03 -1.909097168555735378e+06 3.641134733065979958e+02 1.890546876664958795e-05 5.310034955445899868e+03 9.734786655607806209e-06 1.558913934694240440e-12 1.283205940077311311e+02 1.278237431182305727e+03
1.400000000000000000e+11 4.500000000000000000e+03 -1.814934284683614038e+06 3.632079552882511848e+02 1.876046048790067271e-05 5.351078672335599549e+03 9.500159863138001886e-06 1.521341156864221105e-12 1.281548904980187160e+02 1.276586812041780831e+03
1.450000000000000000e+11 4.500000000000000000e+03 -1.721485043659309391e+06 3.623306183065278105e+02 1.861996507751144853e-05 5.391454795006356107e+03 9.278370313560118494e-06 1.485824115593742707e-12 1.279990639787894224e+02 1.275034580373980589e+03
1.500000000000000000e+11 4.500000000000000000e+03 -1.628727558698251843e+06 3.614797951681424593e+02 1.848371555368391445e-05 5.431196974895663516e+03 9.068365386469143469e-06 1.452194245851504773e-12 1.278522589308147133e+02 1.273572214111894255e+03
1.000000000000000000e+11 5.000000000000000000e+03 -2.779575054984364659e+06 3.850644124945339399e+02 2.019636291459847645e-05 4.970632604716977767e+03 1.210620128748890692e-05 1.938191774916820344e-12 1.290840495432815942e+02 1.285842425923252222e+03
1.050000000000000000e+11 5.000000000000000000e+03 -2.679075711860167794e+06 3.838673437411244436e+02 2.000471329992818732e-05 5.018252373572400757e+03 1.172041472504983730e-05 1.876427698437638584e-12 1.287680545165492560e+02 1.282694710824517642e+03
1.100000000000000000e+11 5.000000000000000000e+03 -2.579515062311888207e+06 3.827184844079708341e+02 1.982078196943264003e-05 5.064820356473230277e+03 1.136191123112474443e-05 1.819031616322049712e-12 1.284763995865791060e+02 1.279789454257093666e+03
1.150000000000000000e+11 5.000000000000000000e+03 -2.480856008436120581e+06 3.816141747321074149e+02 1.964398299840185258e-05 5.110404545155998676e+03 1.102782536828576627e-05 1.765544774653583684e-12 1.282063878827138126e+02 1.277099791935883331e+03
1.200000000000000000e+11 5.000000000000000000e+03 -2.383064218193304725e+06 3.805511538998699734e+02 1.947379433354485425e-05 5.155066253681957278e+03 1.071568367394488147e-05 1.715571174329812049e-12 1.279557057855556366e+02 1.274602677249089083e+03
1.250000000000000000e+11 5.000000000000000000e+03 -2.286107829076465219e+06 3.795265042645995663e+02 1.930974886229492625e-05 5.198860985500616152e+03 1.042333946274636478e-05 1.668767132984895747e-12 1.277223572872896966e+02 1.272278227402981656e+03
1.300000000000000000e+11 5.000000000000000000e+03 -2.189957192530740518e+06 3.785376049682379289e+02 1.915142698766940070e-05 5.241839162409934943e+03 1.014892026993117729e-05 1.624832870720202143e-12 1.275046113819357032e+02 1.270109199361439096e+03
1.350000000000000000e+11 5.000000000000000000e+03 -2.094584652362835128e+06 3.775820931284953303e+02 1.899845041437067368e-05 5.284046741204992031e+03 9.890785158902090909e-06 1.583505675084452507e-12 1.273009595667423497e+02 1.268080566505416982e+03
1.400000000000000000e+11 5.000000000000000000e+03 -1.999964351680943277e+06 3.766578311589964301e+02 1.885047691677134790e-05 5.325525738326745341e+03 9.647489793291688596e-06 1.544554309143694048e-12 1.271100812595962282e+02 1.266179174146056539e+03
1.450000000000000000e+11 5.000000000000000000e+03 -1.906072063924182905e+06 3.757628790963815959e+02 1.870719590850845629e-05 5.366314678638766054e+03 9.417757670436793541e-06 1.507774405986814056e-12 1.269308154652812277e+02 1.264393457284347960e+03
1.500000000000000000e+11 5.000000000000000000e+03 -1.812885044344135793e+06 3.748954710421965046e+02 1.856832467085147190e-05 5.406448981236849249e+03 9.200456281256518378e-06 1.472984651943779431e-12 1.267621374127600546e+02 1.262713207888537909e+03
